2.13327273742567 -1.93354901707801
1.55548176029969 1.62775624984841
1.92256856757742 -1.97860720820709
2.72725782261862 2.49704537122366
3.99130109380562 -3.13235487624286
2.61887726535449 2.32881408177733
1.15483812504305 0.589875269596165
1.04622613614287 0.157209017832602
2.8904239452187 -2.75707273095134
1.20949554705765 0.733958633276276
2.21660292184679 -2.20416987760541
1.056245411835 -0.355284286475013
3.16301206573721 -2.57048240321407
4.49907861567981 3.56149446742793
3.60677420117196 2.7480180989309
1.25235875247244 1.03871211918651
1.13137092231292 -0.605729186549534
1.49173074619365 -1.43634126012387
1.30753153784158 -1.13617836564798
1.66355067131704 1.31943012385241
1.12205199104344 -0.342136678076138
4.15304713760215 -3.32483753684976
1.04000564898629 -0.406371800898068
1.12806831813985 -0.366258975295607
4.01210310582653 3.29154761407584
1.03614969386266 -0.0885671101363344
1.95322010169 1.69337813729557
1.40242950028 -1.1992763062169
1.0218720700548 0.036481478388362
3.57180742305763 -3.09773320694695
2.47330806363407 -2.48374531289552
3.93620395575161 -3.75540908867121
1.75857171386393 -1.76773465878592
1.09756956704311 -0.901056403426389
3.10333819513207 -2.73053199664461
2.91897285067485 -2.91421741855596
1.00462631810908 0.00118392806258772
1.16022597029662 -0.604755340541624
3.98902942797187 3.11607005784437
1.00620082932626 0.202904667355204
1.00594688961829 0.0609819415679502
4.41068793952036 -3.3964214855618
4.27029644112286 3.59862115354286
1.31595178466022 0.946726755310697
1.04844390055204 0.361670731558539
1.06536542438151 0.440416493389985
2.03156358705137 -1.87954416084298
1.25046800643996 -0.740202829492374
2.15149538738778 -1.88197884220328
1.24187750238587 -0.586420406432845
1.0000847703337 -0.013797525273065
1.9450698499202 -1.78666323486302
1.3982610422614 -1.00717300446149
3.21166870947912 3.11616370218445
1.12037486412924 -0.645525496139231
1.05238764365499 0.560339627575251
1.09186183606064 -0.636052919173453
1.62836997486987 1.39826848353981
1.54705032908775 1.71413627365168
1.57013234534666 -1.6579002159697
1.5149465837041 1.22852592630622
2.79855786635993 2.54734185899032
2.24369399173545 2.10166709870507
1.58889477978041 1.18324658303921
1.02887636880389 0.253400459639209
1.339104081497 -1.15092225277346
2.36736184477818 -2.2526912003566
1.78788276130271 2.09661411684646
1.37601277353354 -1.02658143648407
1.74781674314768 1.68161009896999
2.861707582951 -2.46980669817253
3.93452281000145 3.19338981858516
1.154370281632 0.707587783717424
4.21397087401653 -3.32611882509541
1.33594807758781 1.06779898587992
1.4717153825445 -1.55218089534459
1.58386041114416 -1.40421660318093
1.00080596584645 -0.10903974432539
1.00014762025041 -0.251310422531325
3.71441088519406 -2.76568592522179
3.7260752671549 -3.17455191874485
2.31501583383789 2.38981801138829
1.04856199100274 -0.270253236462417
2.93970009556587 -2.38103457387401
1.43492549763178 -1.17574362749303
2.839094982187 2.77050682179595
1.02642149691261 0.122429269394064
1.22166558316344 -0.842506491804076
4.07223619139486 3.38246441308195
1.14697227944178 0.665682096429613
3.93695712005413 3.05985651412856
4.209522546089 3.10659177140968
1.00000217834877 -0.187581258157601
1.84510196947227 1.59750966554006
3.0297683703675 2.5247175269426
1.13125226468663 -0.589374332035164
1.12618512320289 -0.483586540154165
1.00079265078309 0.114626602848963
1.12370156236067 -0.930523332505419
1.2546695212004 -0.84521449453549
1.31954744724463 -0.985196873653431
2.2653942038868 -2.22894077564763
3.56201362498375 2.89580244084801
2.64449859617883 2.19459229039572
2.31670584751099 2.45818975192982
3.11581668700732 -2.72411921720088
1.00009640131665 -0.0505482190926149
1.15512625910654 -0.433598273843784
1.24173478475266 0.96446900411569
1.08940935132883 0.826538817599233
1.87327862082915 1.61510989266585
3.40705948522982 -2.91500729836273
2.51219808627893 2.61374766835658
4.06488454103841 -3.37273677451777
1.11994640205129 0.434994046464669
1.81675321677567 -2.24042788891681
2.80182912186927 -2.64957232877874
4.10365721956939 -3.61255821668723
1.31743306986725 1.0367576018278
1.18942170507289 0.491618724974941
1.05132566298907 0.297775073281869
3.38398802523751 -2.74448663129183
2.8439789100245 2.42208779032491
3.46132073045606 2.99065334291578
3.24063498839062 -2.59514392500722
2.39392512396571 2.26742043999963
2.03394983388072 -1.68689895045003
2.5280833260078 -2.41749573375386
1.01451524004699 -0.275494161768742
1.5198227790163 -1.38673581724777
2.13997153297476 2.01805368712908
2.75439155042892 2.6740637512234
3.43510123053016 -2.79382740474004
4.49340029547468 -3.163025926644
4.38913250847186 -3.44069282962325
2.48783475951322 2.31403490116302
1.80547293389802 -1.50556583087337
2.43458133452833 -1.90683943152789
1.62321237748598 -1.47334325445168
3.66827821376404 -2.92383559232379
2.18303431144546 -2.10388010236791
1.26815667988106 -1.05352057590359
1.96462259265347 2.16785622183729
2.66305319257048 -2.65790138850482
1.15717526090126 0.627719704241803
1.00050642283606 -0.00373336996528105
4.08556448258117 -3.27095588435943
2.81467663986225 2.26777447486695
2.90716338133166 2.51910567608238
1.0410448883271 0.317532009701091
2.75472264707832 2.41315917099859
1.02089839000388 0.165562779220625
1.21914152120029 0.996391173596546
1.00635546139367 -0.0853597806535126
2.18887935354678 -1.9570375974506
1.27119850304716 -0.985689990640938
2.21860397253154 2.03775471544719
1.77201422499279 -1.61597241517034
3.06895673081928 2.67442283315031
1.16718600779298 0.497684697159327
4.11058723735185 3.32485161135851
4.48673725031424 3.33121062516194
2.81557194809313 -2.79485453942697
1.18135252875002 1.11329400240558
3.89417863911789 -3.26836557534132
1.13154827811689 -0.434080499153473
1.02169127084655 0.417552107422558
1.74780073737656 1.84233480565385
6.86672726257433 2.11444255602701
7.44451823970031 -1.53038949474983
7.07743143242257 1.6519107612821
6.27274217738138 -2.1890868485596
5.00869890619438 3.28919809471349
6.38112273464551 -2.62902980464496
7.84516187495695 -0.445590124490485
7.95377386385713 -0.331078041294078
6.1095760547813 2.65498487645083
7.79050445294235 -1.43869800902241
6.78339707815321 2.15465233527613
7.943754588165 0.48051689871531
5.83698793426279 3.09280877936289
4.50092138432019 -3.05057593542458
5.39322579882804 -3.31902156752447
7.74764124752756 -1.443401389851
7.86862907768708 0.533806174382516
7.50826925380635 1.24862013798978
7.69246846215842 1.04854648053102
7.33644932868296 -1.68118547535773
7.87794800895656 0.646199639590041
4.84695286239785 3.14073139609464
7.95999435101371 0.440956117247915
7.87193168186015 1.11288684077459
4.98789689417347 -3.5451780771088
7.96385030613734 0.352101700444549
7.04677989831 -1.88688303272453
7.59757049972 1.20079472827802
7.9781279299452 0.358919382484634
5.42819257694237 2.65444237885398
6.52669193636593 2.31258806213032
5.06379604424839 3.12445239324776
7.24142828613607 1.6066580375207
7.90243043295689 0.680546314227045
5.89666180486793 2.38955583928396
6.08102714932515 2.73646016702914
7.99537368189092 -0.245404710095162
7.83977402970338 0.793834406610432
5.01097057202813 -3.12831045060351
7.99379917067374 -0.362874246511439
7.99405311038172 -0.0976789419126292
4.58931206047964 3.16636119784255
4.72970355887714 -3.53649991855336
7.68404821533978 -0.72869788300455
7.95155609944796 -0.425557553473753
7.93463457561849 -0.498128389385987
6.96843641294863 1.73584382702222
7.74953199356004 0.981517876460554
6.84850461261222 2.05071100239153
7.75812249761413 0.793547026263877
7.9999152296663 -0.0233698708446648
7.0549301500798 1.75521239385642
7.6017389577386 1.10675964788314
5.78833129052088 -2.76900689295933
7.87962513587076 0.815718414630264
7.94761235634501 -0.512213363618525
7.90813816393936 0.731029182735645
7.37163002513013 -1.54307813382067
7.45294967091225 -1.59821066029795
7.42986765465334 1.61128061615099
7.4850534162959 -1.47754045843478
6.20144213364007 -2.63671467598126
6.75630600826455 -2.0115160284288
7.41110522021959 -1.80705161200968
7.97112363119611 -0.508292304159243
7.660895918503 1.23555229071889
6.63263815522182 2.64049665695948
7.21211723869729 -2.10905020119969
7.62398722646646 1.09592224288663
7.25218325685232 -1.36074927168684
6.138292417049 2.32495832769065
5.06547718999855 -3.07751833582529
7.845629718368 -0.755842921487467
4.78602912598347 3.46968472024914
7.66405192241219 -1.0274039046274
7.5282846174555 1.54910914975536
7.41613958885584 1.51097309107144
7.99919403415355 -0.144479253745561
7.99985237974959 -0.206607649989235
5.28558911480594 2.65077213583891
5.2739247328451 2.94170235446709
6.68498416616211 -2.38969251097206
7.95143800899726 0.374093763356819
6.06029990443413 2.60954554353483
7.56507450236822 1.35663716644203
6.160905017813 -2.67314006669737
7.97357850308739 -0.449125716319059
7.77833441683656 1.15046501446814
4.92776380860514 -3.22562119461131
7.85302772055822 -0.965897819297243
5.06304287994587 -2.91557136902288
4.790477453911 -3.28046079487116
7.99999782165123 0.0854934036570895
7.15489803052773 -2.30224904128619
5.9702316296325 -2.57423506927188
7.86874773531337 0.714606944275462
7.87381487679711 1.00591291630298
7.99920734921691 0.396291929154381
7.87629843763933 0.359519863911847
7.7453304787996 0.440525223870998
7.68045255275537 0.913273861486413
6.7346057961132 2.04121965351354
5.43798637501625 -2.98343432596497
6.35550140382117 -2.55634764190103
6.68329415248901 -2.15412679041591
5.88418331299268 2.54001307644576
7.99990359868335 0.0851325354424627
7.84487374089346 1.18022613932277
7.75826521524734 -1.21809946714864
7.91059064867117 -0.563004227291018
7.12672137917085 -1.80861478809481
5.59294051477018 2.91652572042386
6.48780191372107 -2.21834680748358
4.93511545896159 2.9294459464248
7.88005359794871 -0.606151297229872
7.18324678322433 1.60947119349335
6.19817087813073 2.48849570751352
4.89634278043061 3.39204812748788
7.68256693013275 -1.37773375918846
7.81057829492711 -0.669375976501768
7.94867433701093 -0.541995855314443
5.61601197476249 2.93356569736064
6.1560210899755 -2.43432818308405
5.53867926954394 -3.15062292207202
5.75936501160938 2.55844692466254
6.60607487603429 -2.49748072771887
6.96605016611928 1.74902018543953
6.4719166739922 2.63552460606001
7.98548475995301 0.211607339853528
7.4801772209837 1.32902392125177
6.86002846702524 -2.16175402094985
6.24560844957108 -2.43274870425522
5.56489876946984 2.96255956492829
4.50659970452532 3.37015254647504
4.61086749152814 3.40352543350552
6.51216524048678 -2.34548574216962
7.19452706610198 1.60515247429501
6.56541866547167 2.25399624075301
7.37678762251402 1.64353617294271
5.33172178623596 2.97196185628052
6.81696568855454 2.1988563659301
7.73184332011894 0.908710925622734
7.03537740734653 -2.05193060848355
6.33694680742952 2.61128178868611
7.84282473909874 -0.876734236370361
7.99949357716394 -0.0856394470256591
4.91443551741883 3.3611069546357
6.18532336013775 -2.89157950383743
6.09283661866834 -2.77399752060241
7.9589551116729 -0.232901971755658
6.24527735292168 -2.02535371439571
7.97910160999612 -0.177998863573862
7.78085847879971 -0.92705036719398
7.99364453860633 0.406220607936661
6.81112064645322 1.81218922696873
7.72880149695284 1.1015614734008
6.78139602746846 -2.08600985321723
7.22798577500721 1.75953831032407
5.93104326918072 -2.63402775189778
7.83281399220702 -0.500756442748561
4.88941276264815 -3.218095123468
4.51326274968576 -3.58472962323289
6.18442805190687 2.33693646690641
7.81864747124998 -1.22820779178846
5.10582136088211 3.03551601106355
7.8684517218831 0.434205999569703
7.97830872915345 -0.313711580528156
7.25219926262344 -1.61382383599304
5.45544346502328 -1.03135850885374
5.52034348518164 -1.02176354824854
5.44936913608528 -0.969576776601419
5.55083879597369 -0.93083351360064
5.57550265526121 -0.941802060717878
5.50565380849402 -0.924420181188156
5.44060519756895 -0.815257460923905
5.50803384286176 -0.830266143732722
5.48244445727153 -0.843885944624229
5.52390176730339 -0.83789966160521
5.52947315033686 -0.769540867919117
5.52575115083513 -0.795966801799323
5.58126854664127 -0.685707351763238
5.51266588222891 -0.689225534726485
5.49618732983596 -0.667730414136886
5.46198021257649 -0.597403527552309
5.4669927483185 -0.616357866484232
5.44397442936309 -0.633004493363197
5.49141835919234 -0.565072922079444
5.55823259976921 -0.622217492987739
5.48110255490453 -0.583591953712158
5.56736579606917 -0.451171679788885
5.4079138791741 -0.417524305695535
5.50588606488233 -0.368378268430366
5.56288134452057 -0.385268085493694
5.49686518155274 -0.322848377530184
5.52154656881659 -0.426443782620667
5.52088065523791 -0.411845112605201
5.5004378859108 -0.243863003231811
5.57468278212969 -0.352622081115644
5.63587184599489 -0.172973874307735
5.48038081542492 -0.2302064213945
5.51609627771515 -0.173295171458992
5.51631865257858 -0.211159909139422
5.51827855514267 -0.255698442925587
5.48589623184304 -0.139477088974162
5.50291562680468 -0.22420483435271
5.64591078196524 -0.079911428558051
5.48297387724092 -0.131005190944708
5.52624238894431 -0.0644709796333792
5.5904194032012 -0.111187255214466
5.42474688330909 -0.100724415354706
5.48119092662697 0.019843817031622
5.46316769206515 0.0701937146338873
5.59531046799603 0.00649485916376771
5.47939290070751 0.0324130487735435
5.47884511683069 0.0880651867776549
5.45121473274894 0.120534302714581
5.5239582532875 0.0953185850868183
5.49430833816052 0.171380898062154
5.48694147966517 0.185969323155883
5.56738684727989 0.171901882791759
5.59049241735962 0.348092622471165
5.42189262412062 0.198195713946348
5.49485519400982 0.37269758168661
5.52609327984952 0.32619888768946
5.55931171970985 0.276873796331063
5.60504508246584 0.369582926493695
5.52036625755607 0.359398800962959
5.54870674167118 0.383697928802808
5.51309935120057 0.420558141608847
5.49130759005242 0.426097156766645
5.48050700930589 0.442427040457556
5.47842364698439 0.485979999347462
5.4996364175421 0.529202833574738
5.43094476627586 0.514048739195403
5.46719679443335 0.569333293901808
5.48536621226325 0.596422537272227
5.66244547499954 0.694954712713516
5.47203448430234 0.64207908456284
5.44884037962153 0.619610393234268
5.57227080237131 0.703449069853939
5.48935788576114 0.661677932999586
5.42435454686265 0.767558257186794
5.55756395083362 0.78856866192359
5.39451284250239 0.804987611263552
5.43254838271393 0.805460404614093
5.6025868029258 0.803610859241794
5.58198969766978 0.939515826598984
5.54948230214525 0.881065921077901
5.50851129963147 0.886177313594937
5.47044908620915 0.946710911315986
5.50536682472569 0.955406218856322
5.47880525707495 1.00129360612906
5.45544346502328 0.968641491146257
3.38847443799941 -0.96791700514992
3.4146208817516 -0.978492566487732
3.39592726874797 -1.03744324723631
3.42862565851558 -0.894885549174937
3.42785223252553 -0.854457705754805
3.40203905824488 -0.912832688684988
3.39250865925383 -0.908161924629103
3.44714234207662 -0.858935900267897
3.44098079714139 -0.81070161252889
3.34913317307158 -0.835563142077592
3.37120381668358 -0.776856084401308
3.37621290318022 -0.70816693276167
3.41005590657536 -0.705231508650483
3.38215115767673 -0.699840430476105
3.44610588098742 -0.668571120413575
3.41668471565273 -0.558151579033845
3.48980771987106 -0.666896385414253
3.34979451251785 -0.61116220792731
3.41607643378311 -0.565630468760794
3.43828011378388 -0.516956204549757
3.40224071850506 -0.469265107445658
3.41962686894824 -0.487899353194041
3.36258050122452 -0.424927750950587
3.40906116530771 -0.415613820594317
3.4120444490453 -0.364285407805626
3.36315339960961 -0.379090175187747
3.35635326759593 -0.275033537985757
3.45218612167205 -0.358347728683375
3.46018794205662 -0.38290667440186
3.32630242038412 -0.221209298334305
3.45068652985687 -0.285728435121571
3.44750309794164 -0.16971965322543
3.30848309851772 -0.176861775025935
3.42435757871538 -0.247966142095192
3.39420686443645 -0.135871391459319
3.50324605219991 -0.15064875365328
3.45064403698358 -0.202472009563264
3.37419336218006 -0.147432592663643
3.44135552328498 -0.0294499146164851
3.4303635356619 -0.166113247320239
3.39170652188533 -0.0272687825490404
3.41861453673702 -0.0136701374370273
3.41032129349616 -0.00486001878068071
3.30685835325328 0.0661303181432089
3.36851038791035 0.0323732724406873
3.40283611209283 0.0988994882903841
3.33473888845872 0.00750172812369031
3.34783497677015 0.131008260129051
3.42766453165386 0.0511136501433413
3.42534339633109 0.239260880852098
3.31249652494766 0.129947998470653
3.38900104199289 0.305979150943138
3.40051730466034 0.283852375014983
3.41207346296814 0.221286064035369
3.36581305910426 0.223052459781244
3.44940657669122 0.241179019278531
3.48768611270187 0.367814989361614
3.37435986487119 0.407927734975672
3.46581323431424 0.420845924996257
3.45476302353896 0.438495686641787
3.36134626814764 0.387856066422364
3.42739640792775 0.413757567617717
3.39224986211658 0.420031791679827
3.34594566282685 0.45672386852836
3.46608034852378 0.527051570999108
3.34544027711306 0.577778667456336
3.36017884658114 0.581926712173114
3.46263798924454 0.53079952168825
3.4168285087848 0.610669958225789
3.3875817748803 0.661236250413583
3.45904301062916 0.599097310853089
3.4286010968976 0.606943126510775
3.36560050687148 0.760655437785194
3.35849704483368 0.702039941670651
3.44734574277922 0.711907509789858
3.44326783910996 0.690193053799886
3.47714421116362 0.867382633953631
3.35454533582652 0.919938076221514
3.41299267865463 0.983749280783797
3.43351633773273 0.902927091998077
3.44587014533037 0.872131714991064
3.3352693031216 0.774815897007443
3.44954999448206 0.989901567433867
3.45718327991524 0.905107568545416
3.38847443799941 1.03208299485008
4.98190238054108 1.00169613128401
5.04625007703459 0.984098059983902
4.99008520108643 0.988816121883093
5.09547015415081 0.988899013418689
5.14398624633295 1.09605591345697
5.10368327298189 1.04044142110998
5.18725708233745 1.023139144383
5.1512704302515 0.99694090592194
5.20338097384445 1.05887971867475
5.22901574822773 1.07620925181315
5.27369213228936 0.938603211753294
5.22940284804426 0.977767772086706
5.31384485198484 0.994655313209824
5.31482382480068 0.951806592122263
5.29055221186616 0.99375262865654
5.26752830212828 0.982835773362497
5.36723809628679 0.943149487269792
5.48156228265379 1.04980796368369
5.46631726007187 1.03135888057037
5.53830950992958 0.98980411050508
5.50479835284973 0.947873725480907
5.41999749293489 1.02104800276067
5.45956787798897 0.982476801854968
5.56000765266766 1.03798081819524
5.49770639751653 0.964191841002668
5.60304521785068 1.04451360809018
5.65032015591405 0.982153670391174
5.70886632468165 1.03502029661161
5.72095190637918 1.02132370608693
5.70760634489471 0.962037788146462
5.62747445860878 1.0452763027565
5.74643353808859 1.00723373536762
5.78865732555248 0.960803738521728
5.88113719758138 0.997588431371911
5.8066547150463 0.959637725732416
5.793036851476 0.899020396675027
5.86908267065998 1.07202009257909
5.84574882102057 0.950662205515042
5.90931100820891 0.97224992273672
5.86865198070301 0.901477204983911
5.94866098913354 0.986082186234956
5.93527520306897 0.97443915126982
6.0146879035671 1.05280627823553
4.96536104065572 0.994968788429148
4.96859663280405 1.01899837684966
5.04766256667358 0.955684650435288
5.08343931892278 1.04138991068494
5.15265912285122 0.954564019397954
5.05116819621964 0.962935432409707
5.17233754785963 0.964739409848617
5.16808446209669 1.00275087912876
5.18481804442075 0.958440538394416
5.16484399539249 1.01826073791505
5.26082227360023 1.01417234635352
5.20578273115834 0.960495308208026
5.26156652966247 0.984526997401306
5.27458167831026 0.97256215423508
5.31132778694417 1.02236167939159
5.41600441245603 0.972390897802414
5.32138062418663 0.993735688876252
5.40795003796273 1.00156345343123
5.44435576689635 0.972688316112062
5.35293668129466 0.996961984093233
5.56086755406605 0.978279499086437
5.49933831183189 1.05228673445232
5.55593546390944 0.953601041923574
5.5205185078002 0.957062869817408
5.55486643159092 0.886584505252175
5.58267781268194 0.943637509825415
5.66143462375011 1.03107268076859
5.61469129096194 1.01192291594493
5.69346255609145 0.975292147525381
5.62880404435657 0.900429161267041
5.7084257159548 1.00050134066079
5.74875148767997 1.05804461037596
5.85240493796891 1.04657291988257
5.82627793898391 0.929172980727818
5.77966266136038 0.928663006717756
5.87814317784983 1.01232044461607
5.81642763431006 0.894509906414914
5.85944107037797 1.03383209051765
5.89196422635237 1.0311371779249
6.0502475419445 0.926206052843766
5.86654717110112 1.04254852698169
8.99708978412571 -0.973301401278222
9.04188222029151 -0.984833765072631
9.1471612555128 -0.972206052558257
9.04885464826075 -0.962084956969141
9.05959603879209 -0.993892396454408
9.10142905135429 -0.95111416860645
9.13802698634862 -0.995257989868745
9.16563080273781 -0.91022809202587
9.13444360777751 -1.07729950200987
9.24534868130639 -1.09241802435068
9.25599896363718 -0.996217499314074
9.27804770398513 -1.03817538731813
9.3098555336869 -1.06032790206125
9.30516760932038 -0.995801220882155
9.33934653302831 -1.05326110427427
9.37363502564932 -0.971379608089408
9.33870220388609 -1.03149812036708
9.37636308015998 -0.945654625198231
9.43983323400826 -0.998370686281816
9.57407805394535 -0.975598611757858
9.50889277569833 -1.11300576796868
9.50857774121853 -1.01671879170519
9.48599765234928 -1.04707116602067
9.56522053901977 -1.05472648245852
9.55240950423493 -0.983708739755908
9.60534328315602 -1.06064661300505
9.69348349915155 -1.02631737659787
9.56422289826503 -1.00873988135115
9.69537213823381 -0.996090399327657
9.69309664169145 -1.0860322465534
9.7103577758608 -1.06474753043718
9.7022566871744 -1.01448810908468
9.82308947150188 -0.905882351442786
9.86149090026459 -0.99198096032065
9.85438678454356 -0.96336216114474
9.92002953137994 -0.99337347103346
9.8131352587617 -0.999825769650751
9.72051090675705 -1.0195174328294
9.87200943506965 -1.02584655079648
9.94117049605483 -1.01971441009989
9.9834285032757 -0.947384086796635
9.96325371807527 -1.05862114769867
10.1061329319164 -0.980177730196654
9.01142363587689 -1.05942525481603
9.08878803725311 -1.03703725710063
9.18129084168644 -1.01025597446199
9.10967180306631 -0.995564147058003
9.1440810612402 -0.952007319604273
9.15213617353962 -1.04468116744466
9.13684026054969 -0.997371741633442
9.14665749457488 -0.997927914124302
9.15034392606358 -1.09101962142152
9.15433033582327 -0.933486989231587
9.32151168944089 -1.00256313846226
9.21216388506973 -1.06339896475436
9.27082020024653 -1.06173102549531
9.28786052234051 -1.01513481380945
9.37183272846488 -1.0454117416862
9.48421020286385 -1.06200207882575
9.36116943409322 -0.998940546638831
9.36306183272851 -1.06609884057695
9.53985238257626 -0.989054424683684
9.52994857002633 -1.15992510755348
9.47973089280459 -1.07341866413368
9.45310896076544 -0.917212901043515
9.58492632138217 -1.01749756070994
9.51408767386086 -1.0273699305112
9.60630159239545 -1.11175206130992
9.61345453888518 -1.00328667567781
9.68650655037764 -0.989092224293101
9.63240936621927 -0.958239128062261
9.61600433306377 -1.00340321089049
9.71728059154575 -0.985297540640771
9.6679722902943 -1.00707102076827
9.68652712489067 -1.02902438392319
9.74800697884091 -1.10212972899705
9.74044027302941 -0.982722365775208
9.84063864942395 -0.975412933143605
9.770281110284 -1.00755759264546
9.83838735706687 -0.944318028380998
9.82330802043952 -1.04657233214576
9.92380635289718 -1.01943516872081
9.9857698621545 -0.991526785803664
10.0347155047041 -1.00672302576365
8.97005797040687 -0.982405960457044
8.99853637854759 -0.978500500764648
9.00734078830874 -0.982154065135538
9.06274586891158 -0.961754789358121
9.05383465983062 -0.902470356469845
8.98853318199637 -0.885257183300111
9.01615483200758 -0.795112098378112
9.04025671678266 -0.90146616564887
8.99605204951953 -0.781130323795311
9.00596355456464 -0.717318952707013
8.94805547329678 -0.754985401334288
9.07971221039153 -0.737577231229878
9.01311199586692 -0.716265719272555
9.06396925585747 -0.633380975925889
8.98962631687345 -0.692882781663021
9.08396721230443 -0.641895540502794
8.99727577346385 -0.606489117803717
8.98227880409319 -0.603173729745627
8.9618513685299 -0.610433459707553
9.01019416027721 -0.559296638374165
8.95294345879913 -0.556057851083936
8.92570767041153 -0.535549415413967
9.02962577001976 -0.501015088526597
8.8705543482724 -0.528516450993278
9.01019901119746 -0.463079537335435
8.99609862916577 -0.492668729935273
9.0410893200504 -0.344318070696535
8.95791006929788 -0.359971271111057
9.04427887391459 -0.3467571549757
8.95418235261566 -0.305209695714337
9.00698979838958 -0.348529737887805
9.08321694269349 -0.296557250818747
9.06182545658957 -0.229278676581694
8.9912950656205 -0.0941198075510485
9.1137532726172 -0.252492872831325
8.97962317391878 -0.123159535996987
9.0588720861397 -0.0960313274330601
8.94087051734473 -0.071839753406986
9.05869838159213 -0.0983794276275185
8.99845681940759 -0.0860774928799535
9.00746796382862 -0.0310161976596897
8.97898952504675 -0.00899281466801524
8.94677903912339 -0.112542312158253
8.93073060710336 0.115849258069078
8.93463230470179 0.0121886280384225
8.96331345493892 0.0715832731735514
9.00329515811304 0.0577478056822135
9.00186075351701 0.129343817706592
9.05430551028157 0.189009689874856
9.0367562172254 0.11487990571133
9.05190129139141 0.249214759755501
9.02042949212 0.244142164509602
8.92496726977679 0.158978705156116
9.06561457456613 0.252170307738418
8.99009978990434 0.237933722936434
8.92713261945227 0.282144938496328
8.97941371156213 0.329119260653315
8.94754987419974 0.405121997915815
8.98977200787593 0.338640728604565
8.9286525458452 0.431403427141313
8.97902813369713 0.3463260020582
8.96295035295612 0.491754703786927
9.04572044851654 0.507342591351173
9.07862853407971 0.438456688093976
8.95763570764173 0.490943809617672
9.03683597292783 0.459233222635855
9.03519895487936 0.583769279141686
9.03179468820861 0.568461489104048
9.05152454782985 0.525393063211172
9.01173520277958 0.75249677280713
9.07583362089667 0.636872446652598
9.01102929231988 0.596996575236891
9.04694785863674 0.727012172308856
8.97731193625368 0.768762000139763
9.02025138607751 0.761827381205072
9.00901212193857 0.770538475089917
9.01458109801809 0.768306193190715
9.00189424199233 0.87278114988353
8.99560259907997 0.805336860574605
8.98062277003981 0.917310266679034
8.98411938873533 0.878416255465644
8.9144635508289 0.943309797589333
9.10417691175051 0.941509291719836
8.88266871705504 0.917691802614968
8.97005797040687 1.01759403954296
